0 561 418 326 703 304 898 344 928 325 1080 935 789 1289 344 1203 1403 714 283 569 553 564 1048 1152 1450 802 864 947 1018 861 709 547 664 696 440 254 554 636 859 889 794 1047 1260 1298 888 
561 0 854 765 166 743 337 666 367 647 856 1156 1344 962 382 1127 1033 1264 855 681 606 747 1095 1336 1618 922 1137 1154 1087 1082 1181 1097 1214 1246 781 712 606 464 298 788 1022 1132 1257 1295 1438 
418 854 0 105 913 84 1081 203 1053 187 1319 1174 893 1452 492 1442 1566 610 431 442 372 392 1287 1391 1689 1022 1103 1186 1257 1100 895 443 560 592 140 213 373 568 962 1128 1033 1286 1499 1537 784 
326 765 105 0 856 122 1065 143 1037 114 1292 1147 876 1519 435 1415 1633 624 436 340 402 417 1260 1364 1662 995 1076 1159 1230 1073 909 457 574 606 166 243 403 523 946 1119 1006 1259 1472 1510 798 
703 166 913 856 0 855 306 778 336 759 732 1265 1456 865 494 1003 936 1376 964 759 684 833 998 1394 1522 1030 1058 1263 1253 1191 1290 1209 1326 1358 893 824 684 551 267 688 955 1035 1133 1171 1550 
304 743 84 122 855 0 1086 164 1058 135 1313 1168 757 1540 456 1436 1654 591 407 361 423 438 1281 1385 1683 1016 1097 1180 1251 1094 876 424 541 573 187 181 424 544 967 1140 1027 1280 1493 1531 765 
898 337 1081 1065 306 1086 0 981 188 1074 671 1551 1612 658 809 942 771 1532 1151 890 815 997 937 1178 1461 1046 1030 1283 1225 1378 1477 1365 1482 1514 1049 1139 863 699 166 615 927 974 1072 1110 1706 
344 666 203 143 778 164 981 0 935 57 1295 1086 815 1458 374 1567 1572 661 375 334 318 329 1199 1303 1601 934 1015 1098 1169 1012 869 494 611 643 203 182 319 534 844 1058 945 1198 1411 1449 835 
928 367 1053 1037 336 1058 188 935 0 895 670 1550 1592 623 630 941 736 1552 1131 845 835 919 1077 1231 1460 1045 1029 1282 1224 1358 1457 1425 1502 1534 926 960 818 637 202 703 926 957 950 1109 1735 
325 647 187 114 759 135 1074 57 895 0 1227 1083 804 1390 315 1499 1504 723 363 338 323 333 1196 1300 1598 931 1012 1095 1166 1009 857 556 673 705 212 171 324 521 785 990 942 1195 1408 1446 1132 
1080 856 1319 1292 732 1313 671 1295 670 1227 0 1178 1351 438 1054 413 531 1310 910 1190 1115 1256 308 549 847 673 544 910 740 1118 1296 1143 1260 1292 1290 1221 1115 974 813 319 341 330 543 581 1583 
935 1156 1174 1147 1265 1168 1551 1086 1550 1083 1178 0 869 1552 1063 1307 1666 1012 712 1341 1266 1358 1080 1173 1232 771 805 514 540 239 592 868 1015 994 1241 1027 1266 1393 1717 1230 996 1151 1364 1402 1101 
789 1344 893 876 1456 757 1612 815 1592 804 1351 869 0 1682 871 1672 1796 255 585 1083 861 885 1517 1517 1814 1155 1229 923 1076 567 395 269 220 192 754 788 862 1058 1386 1416 1263 1516 1729 1767 377 
1289 962 1452 1519 865 1540 658 1458 623 1390 438 1552 1682 0 1245 358 112 1501 1101 1380 1305 1446 600 795 853 864 756 1101 952 1309 1487 1334 1451 1483 1480 1411 1305 1164 932 510 628 463 464 502 1774 
344 382 492 435 494 456 809 374 630 315 1054 1063 871 1245 0 1266 1271 1074 698 491 416 589 1029 1133 1431 764 845 997 929 925 1024 907 1024 1056 591 522 488 477 523 761 775 1028 1241 1279 1248 
1203 1127 1442 1415 1003 1436 942 1567 941 1499 413 1307 1672 358 1266 0 494 1532 1132 1411 1336 1477 332 700 759 762 646 1061 842 1340 1457 1365 1482 1514 1511 1442 1336 1195 1089 499 443 199 270 307 1706 
1403 1033 1566 1633 936 1654 771 1572 736 1504 531 1666 1796 112 1271 494 0 1599 1199 1478 1403 1544 702 862 920 962 854 1199 1050 1407 1585 1432 1549 1581 1578 1509 1403 1262 1030 566 726 581 531 569 1872 
714 1264 610 624 1376 591 1532 661 1552 723 1310 1012 255 1501 1074 1532 1599 0 795 1013 1021 1045 1786 1786 2083 1424 1498 1179 1332 823 665 455 326 237 914 948 1022 1218 1655 1685 1532 1785 1998 2036 174 
283 855 431 436 964 407 1151 375 1131 363 910 712 585 1101 698 1132 1199 795 0 633 617 628 1066 1066 1364 704 778 923 995 831 670 278 395 427 604 297 618 847 1020 1051 812 1065 1278 1316 848 
569 681 442 340 759 361 890 334 845 338 1190 1341 1083 1380 491 1411 1478 1013 633 0 192 189 1350 1453 1751 1084 1165 1321 1249 1307 1082 630 747 779 358 470 191 307 826 1103 1096 1349 1562 1600 971 
553 606 372 402 684 423 815 318 835 323 1115 1266 861 1305 416 1336 1403 1021 617 192 0 199 1280 1384 1682 1015 1096 1252 1180 1257 1057 605 722 754 248 429 1 306 756 1034 1026 1279 1492 1530 946 
564 747 392 417 833 438 997 329 919 333 1256 1358 885 1446 589 1477 1544 1045 628 189 199 0 1445 1549 1847 1180 1261 1417 1345 1344 1071 546 663 695 189 462 253 415 921 1199 1191 1444 1657 1695 887 
1048 1095 1287 1260 998 1281 937 1199 1077 1196 308 1080 1517 600 1029 332 702 1786 1066 1350 1280 1445 0 303 586 537 464 872 633 1133 1231 1090 1207 1239 1507 1366 1418 1268 1107 538 351 158 432 525 1431 
1152 1336 1391 1364 1394 1385 1178 1303 1231 1300 549 1173 1517 795 1133 700 862 1786 1066 1453 1384 1549 303 0 436 657 585 1052 748 1248 1351 1210 1327 1359 1689 1543 1550 1409 1248 763 576 239 357 415 1551 
1450 1618 1689 1662 1522 1683 1461 1601 1460 1598 847 1232 1814 853 1431 759 920 2083 1364 1751 1682 1847 586 436 0 759 687 1079 775 1275 1453 1312 1429 1461 1726 1580 1588 1718 1557 1022 732 548 666 672 1653 
802 922 1022 995 1030 1016 1046 934 1045 931 673 771 1155 864 764 762 962 1424 704 1084 1015 1180 537 657 759 0 312 392 389 685 864 722 839 871 1153 1007 1104 1232 1143 683 375 652 865 903 1161 
864 1137 1103 1076 1058 1097 1030 1015 1029 1012 544 805 1229 756 845 646 854 1498 778 1165 1096 1261 464 585 687 312 0 547 444 816 964 822 939 971 1236 1090 1098 1225 1154 578 289 606 819 857 1262 
947 1154 1186 1159 1263 1180 1283 1098 1282 1095 910 514 923 1101 997 1061 1199 1179 923 1321 1252 1417 872 1052 1079 392 547 0 251 372 623 816 933 1025 1247 1035 1200 1328 1433 896 674 882 1095 1133 1146 
1018 1087 1257 1230 1253 1251 1225 1169 1224 1166 740 540 1076 952 929 842 1050 1332 995 1249 1180 1345 633 748 775 389 444 251 0 573 824 1026 1143 1226 1407 1107 1410 1538 1371 794 506 772 975 1013 1347 
861 1082 1100 1073 1191 1094 1378 1012 1358 1009 1118 239 567 1309 925 1340 1407 823 831 1307 1257 1344 1133 1248 1275 685 816 372 573 0 373 734 775 747 1174 965 1132 1259 1403 1104 1000 1285 1488 1526 861 
709 1181 895 909 1290 876 1477 869 1457 857 1296 592 395 1487 1024 1457 1585 665 670 1082 1057 1071 1231 1351 1453 864 964 623 824 373 0 429 428 460 820 703 1024 1129 1314 1244 1147 1400 1613 1651 652 
547 1097 443 457 1209 424 1365 494 1425 556 1143 868 269 1334 907 1365 1432 455 278 630 605 546 1090 1210 1312 722 822 816 1026 734 429 0 116 148 596 630 704 900 1374 1405 1192 1445 1658 1696 340 
664 1214 560 574 1326 541 1482 611 1502 673 1260 1015 220 1451 1024 1482 1549 326 395 747 722 663 1207 1327 1429 839 939 933 1143 775 428 116 0 64 545 579 653 849 1385 1416 1199 1452 1665 1703 256 
696 1246 592 606 1358 573 1514 643 1534 705 1292 994 192 1483 1056 1514 1581 237 427 779 754 695 1239 1359 1461 871 971 1025 1226 747 460 148 64 0 801 835 909 1105 1579 1609 1456 1709 1922 1960 192 
440 781 140 166 893 187 1049 203 926 212 1290 1241 754 1480 591 1511 1578 914 604 358 248 189 1507 1689 1726 1153 1236 1247 1407 1174 820 596 545 801 0 273 325 520 1024 1177 1105 1358 1571 1609 698 
254 712 213 243 824 181 1139 182 960 171 1221 1027 788 1411 522 1442 1509 948 297 470 429 462 1366 1543 1580 1007 1090 1035 1107 965 703 630 579 835 273 0 320 518 896 1062 967 1220 1433 1471 804 
554 606 373 403 684 424 863 319 818 324 1115 1266 862 1305 488 1336 1403 1022 618 191 1 253 1418 1550 1588 1104 1098 1200 1410 1132 1024 704 653 909 325 320 0 305 755 1033 1025 1278 1491 1529 946 
636 464 568 523 551 544 699 534 637 521 974 1393 1058 1164 477 1195 1262 1218 847 307 306 415 1268 1409 1718 1232 1225 1328 1538 1259 1129 900 849 1105 520 518 305 0 557 1018 1015 1373 1487 1525 1127 
859 298 962 946 267 967 166 844 202 785 813 1717 1386 932 523 1089 1030 1655 1020 826 756 921 1107 1248 1557 1143 1154 1433 1371 1403 1314 1374 1385 1579 1024 896 755 557 0 635 913 960 1057 1095 1706 
889 788 1128 1119 688 1140 615 1058 703 990 319 1230 1416 510 761 499 566 1685 1051 1103 1034 1199 538 763 1022 683 578 896 794 1104 1244 1405 1416 1609 1177 1062 1033 1018 635 0 401 522 723 761 1678 
794 1022 1033 1006 955 1027 927 945 926 942 341 996 1263 628 775 443 726 1532 812 1096 1026 1191 351 576 732 375 289 674 506 1000 1147 1192 1199 1456 1105 967 1025 1015 913 401 0 352 565 603 1401 
1047 1132 1286 1259 1035 1280 974 1198 957 1195 330 1151 1516 463 1028 199 581 1785 1065 1349 1279 1444 158 239 548 652 606 882 772 1285 1400 1445 1452 1709 1358 1220 1278 1373 960 522 352 0 213 251 1560 
1260 1257 1499 1472 1133 1493 1072 1411 950 1408 543 1364 1729 464 1241 270 531 1998 1278 1562 1492 1657 432 357 666 865 819 1095 975 1488 1613 1658 1665 1922 1571 1433 1491 1487 1057 723 565 213 0 38 1786 
1298 1295 1537 1510 1171 1531 1110 1449 1109 1446 581 1402 1767 502 1279 307 569 2036 1316 1600 1530 1695 525 415 672 903 857 1133 1013 1526 1651 1696 1703 1960 1609 1471 1529 1525 1095 761 603 251 38 0 1823 
888 1438 784 798 1550 765 1706 835 1735 1132 1583 1101 377 1774 1248 1706 1872 174 848 971 946 887 1431 1551 1653 1161 1262 1146 1347 861 652 340 256 192 698 804 946 1127 1706 1678 1401 1560 1786 1823 0
