0 332 741 602 933 1151 599 760 658 909 
332 0 796 486 807 980 498 630 531 791 
741 796 0 514 1390 1096 832 743 1092 883 
602 486 514 0 1060 873 502 468 705 637 
933 807 1390 1060 0 429 528 633 467 923 
1151 980 1096 873 429 0 669 560 734 851 
599 498 832 502 528 669 0 258 416 675 
760 630 743 468 633 560 258 0 554 397 
658 531 1092 705 467 734 416 554 0 815 
909 791 883 637 923 851 675 397 815 0