0 7.4 26.04 16.02 38.06 44.65 18.38 24.6 17.58 35.49 
7.4 0 23.83 12.84 36.78 38.55 13.72 19.7 14.52 29.2 
26.04 23.83 0 14.69 50.28 45.32 28.06 24.83 35.15 34.06 
16.02 12.84 14.69 0 37.38 34.73 15 14.91 22.07 22.91 
38.06 36.78 50.28 37.38 0 10.92 21.75 28.87 22.26 39.33 
44.65 38.55 45.32 34.73 10.92 0 21.26 21.09 22.3 31.59 
18.38 13.72 28.06 15 21.75 21.26 0 10.48 7.3 25.76 
24.6 19.7 24.83 14.91 28.87 21.09 10.48 0 16.09 16.53 
17.58 14.52 35.15 22.07 22.26 22.3 7.3 16.09 0 29.42 
35.49 29.2 34.06 22.91 39.33 31.59 25.76 16.53 29.42 0